554
960
164
931
-688
-555
-602
219
-539
-957
-368
902
-575
241
119
-949
-592
-831
120
-489
164
-987
726
-363
-126
229
965
236
-341
80
251
-361
-102
738
-452
376
-688
932
490
452
851
-78
-501
-356
778
-623
-492
-860
485
-651
465
-909
659
-345
975
804
-840
-915
164
-275
-734
535
-180
-542
-491
11
-582
933
-769
674
464
-503
-297
-200
-268
-527
-283
356
-856
-618
-103
-222
-204
337
476
-677
-332
645
-925
367
977
-873
261
-573
-472
-315
-611
444
-97
-321
-885
367
644
253
-543
808
786
-984
529
138
840
-709
-57
823
732
-225
930
908
-249
443
-716
-961
-391
-365
991
-674
-611
943
443
-757
83
-372
681
240
9
368
967
674
-485
-806
688
930
-545
-695
-551
145
179
-731
431
502
-836
514
-510
-356
-475
-564
637
-376
679
892
936
-639
-505
-300
-774
972
58
-946
822
-657
617
482
-109
-73
93
599
-420
635
-14
579
431
-579
-284
806
-430
-68
525
-77
14
-931
444
-572
592
617
31
301
728
893
738
-747
